l=0.4;
m=0.2;
g=9.81;
B=0.05;
J=m*l^2;